1122.60
793.48
3388.95
2488.21
1165.40
4277.51
5319.70
5120.37
1406.52
7303.64
3594.53
4202.74
2780.97
5116.61
956.68
1987.43
2892.20
1016.03
1776.66
1799.98
5380.08
1304.38
5878.14
5285.06
1709.18
7794.28
11122.84
8156.34
5785.06
5567.81
482.77
918.94
649.69
2500.88
13009.79
2092.79
1963.33
1951.79
925.61
1862.39
865.46
260.08
2066.33
1981.43
1927.07
903.69
1968.53
877.61
316.91
727.40
732.12
3048.54
2707.96
1082.68
3969.08
6048.43
5732.21
1628.88
7268.69
3939.29
3854.11
3104.54
5370.54
813.69
1916.68
2144.65
1296.05
3040.45
1972.56
5234.33
1255.33
5902.30
5282.79
826.31
9969.61
9855.60
7368.22
5455.47
5661.71
656.37
1128.45
543.69
2660.51
13963.01
