-0.80 -0.50 -0.33
0.52 0.37 0.77
-0.68 -0.08 0.73
0.78 0.46 0.42
0.70 0.15 -0.70
0.35 0.40 -0.85
-0.25 -0.94 0.23
-0.24 -0.19 -0.95
0.87 -0.13 -0.48
-0.46 -0.82 -0.34
-0.49 0.12 -0.86
0.71 0.54 -0.46
0.90 -0.03 -0.43
-0.84 -0.02 -0.53
0.35 -0.18 -0.92
0.93 -0.04 -0.37
-0.86 -0.48 0.19
-0.21 0.58 -0.78
-0.67 -0.13 -0.73
0.69 0.69 -0.24
-0.62 -0.43 0.66
0.50 -0.16 0.85
-0.87 -0.11 0.49
0.96 -0.02 -0.27
0.96 0.29 -0.02
-0.81 0.47 0.34
0.52 0.34 0.78
-0.56 -0.74 0.38
-0.48 0.26 0.84
-0.97 -0.08 0.22
-0.17 0.98 -0.08
0.77 0.62 -0.16
-0.12 0.23 0.97
-0.99 -0.04 -0.15
-0.72 0.34 0.61
0.25 0.64 0.73
-0.02 -0.26 -0.97
0.74 -0.15 -0.66
0.39 -0.04 0.92
0.30 -0.92 -0.27
0.01 -0.38 -0.92
-0.84 -0.11 0.54
0.28 0.93 -0.24
-0.89 -0.06 -0.45
-0.61 -0.12 -0.79
0.13 -0.15 0.98
-0.82 -0.39 -0.42
-0.29 -0.88 -0.37
0.29 0.33 0.90
0.59 -0.35 -0.72
-0.72 0.13 0.68
0.14 -0.04 0.99
-0.80 0.01 0.60
-0.65 -0.03 -0.76
-0.02 0.09 -1.00
0.76 -0.52 0.38
0.48 0.08 -0.87
-0.90 -0.26 -0.35
0.66 -0.64 -0.40
0.32 0.08 -0.95
-0.84 0.06 -0.54
-0.94 -0.13 -0.31
0.99 -0.12 0.06
-0.41 -0.32 -0.86
-0.93 -0.11 -0.36
0.58 0.35 -0.74
0.32 0.57 -0.76
0.94 -0.16 -0.29
-0.90 0.28 -0.34
0.73 0.08 0.68
-0.62 -0.18 0.77
0.69 -0.22 0.69
-0.81 -0.37 -0.47
-0.84 0.53 0.12
0.72 0.58 0.37
-0.84 0.09 0.53
0.68 -0.52 0.51
0.15 0.74 0.65
0.98 -0.03 0.20
-0.43 0.89 -0.18
-0.60 0.80 0.06
0.22 0.30 0.93
0.96 0.27 0.06
0.07 0.95 -0.31
