TB'1    -26.63    0.70  -46.78
TB'2    -30.11    0.87  -46.46
TB'3    -33.59    1.05  -46.15
TB'4    -37.07    1.22  -45.84
TB'5    -40.55    1.40  -45.53
TB'6    -44.04    1.58  -45.21
TB'7    -47.52    1.75  -44.90
B'1     -28.71  -18.71  -36.42
B'2     -32.20  -18.48  -36.31
B'3     -35.69  -18.25  -36.20
B'4     -39.18  -18.01  -36.10
B'5     -42.67  -17.78  -35.99
B'6     -46.16  -17.55  -35.88
B'7     -49.65  -17.31  -35.77
B'8     -53.14  -17.08  -35.66
B'9     -56.63  -16.85  -35.55
B'10    -60.12  -16.62  -35.45
B'11    -63.61  -16.38  -35.34
B'12    -67.10  -16.15  -35.23
B'13    -70.60  -15.92  -35.12
B'14    -74.09  -15.69  -35.01
GPH'1   -34.18  -37.27  -22.83
GPH'2   -37.66  -36.90  -22.84
GPH'3   -41.14  -36.53  -22.86
GPH'4   -44.62  -36.16  -22.87
GPH'5   -48.10  -35.79  -22.89
GPH'6   -51.58  -35.42  -22.90
GPH'7   -55.06  -35.06  -22.92
GPH'8   -58.54  -34.69  -22.93
OT'1    -28.84  -51.60  -39.37
OT'2    -32.33  -51.43  -39.09
OT'3    -35.81  -51.25  -38.82
OT'4    -39.30  -51.07  -38.55
OT'5    -42.78  -50.89  -38.27
OT'6    -46.27  -50.71  -38.00
OT'7    -49.75  -50.53  -37.73
OT'8    -53.24  -50.35  -37.45
OT'9    -56.72  -50.17  -37.18
OT'10   -60.21  -49.99  -36.91
OT'11   -63.69  -49.81  -36.63
OT'12   -67.18  -49.64  -36.36
OT'13   -70.66  -49.46  -36.09
OT'14   -74.14  -49.28  -35.81
FCA'1   -17.32  -71.60  -29.97
FCA'2   -20.73  -71.05  -29.41
FCA'3   -24.15  -70.50  -28.85
FCA'4   -27.56  -69.96  -28.30
FCA'5   -30.97  -69.41  -27.74
FCA'6   -34.38  -68.86  -27.19
FCA'7   -37.79  -68.31  -26.63
FCA'8   -41.20  -67.76  -26.08
FCA'9   -44.62  -67.21  -25.52
FCA'10  -48.03  -66.66  -24.96
FCA'11  -51.44  -66.12  -24.41
FCA'12  -54.85  -65.57  -23.85
FCA'13  -58.26  -65.02  -23.30
FCA'14  -61.68  -64.47  -22.74
GL'1    -13.20  -79.97  -35.74
GL'2    -16.62  -79.60  -35.08
GL'3    -20.03  -79.23  -34.42
GL'4    -23.45  -78.86  -33.76
GL'5    -26.87  -78.48  -33.10
GL'6    -30.28  -78.11  -32.44
GL'7    -33.70  -77.74  -31.78
GL'8    -37.12  -77.37  -31.12
GL'9    -40.53  -77.00  -30.46
GL'10   -43.95  -76.62  -29.80
GL'11   -47.37  -76.25  -29.14
GL'12   -50.78  -75.88  -28.48
GL'13   -54.20  -75.51  -27.82
GL'14   -57.62  -75.14  -27.16
CU'1    -14.39  -76.81  -14.89
CU'2    -17.85  -76.49  -14.49
CU'3    -21.32  -76.17  -14.10
CU'4    -24.78  -75.85  -13.70
CU'5    -28.24  -75.53  -13.30
CU'6    -31.70  -75.21  -12.91
CU'7    -35.17  -74.89  -12.51
CU'8    -38.63  -74.58  -12.12
CU'9    -42.09  -74.26  -11.72
CU'10   -45.56  -73.94  -11.32
CU'11   -49.02  -73.62  -10.93
CU'12   -52.48  -73.30  -10.53
CU'13   -55.94  -72.98  -10.13
PP'1    -12.30  -75.43    6.96
PP'2    -15.76  -74.96    7.13
PP'3    -19.23  -74.50    7.31
PP'4    -22.69  -74.03    7.48
PP'5    -26.16  -73.56    7.66
PP'6    -29.62  -73.09    7.83
PP'7    -33.08  -72.62    8.00
PP'8    -36.55  -72.16    8.18
PP'9    -40.01  -71.69    8.35
PP'10   -43.48  -71.22    8.53
PP'11   -46.94  -70.75    8.70
PP'12   -50.41  -70.29    8.88
PP'13   -53.87  -69.82    9.05
PI'1    -12.73  -62.42    9.93
PI'2    -16.20  -62.09   10.23
PI'3    -19.67  -61.76   10.52
PI'4    -23.14  -61.43   10.82
PI'5    -26.61  -61.10   11.12
PI'6    -30.09  -60.77   11.42
PI'7    -33.56  -60.43   11.71
PI'8    -37.03  -60.10   12.01
PI'9    -40.50  -59.77   12.31
PI'10   -43.97  -59.44   12.61
PI'11   -47.44  -59.11   12.90
PI'12   -50.92  -58.78   13.20
PI'13   -54.39  -58.45   13.50
PFG'1   -12.45  -43.27    7.21
PFG'2   -15.83  -42.53    7.76
PFG'3   -19.21  -41.79    8.31
PFG'4   -22.59  -41.05    8.86
PFG'5   -25.96  -40.32    9.42
PFG'6   -29.34  -39.58    9.97
PFG'7   -32.72  -38.84   10.52
PFG'8   -36.09  -38.10   11.07
PFG'9   -39.47  -37.37   11.62
PFG'10  -42.85  -36.63   12.17
PFG'11  -46.22  -35.89   12.72
PFG'12  -49.60  -35.15   13.27
PFG'13  -52.98  -34.42   13.82
GC'1    -10.74  -49.66   -0.95
GC'2    -14.19  -49.21   -0.60
GC'3    -17.65  -48.76   -0.26
GC'4    -21.10  -48.31    0.09
GC'5    -24.55  -47.86    0.44
GC'6    -28.01  -47.40    0.78
GC'7    -31.46  -46.95    1.13
GC'8    -34.91  -46.50    1.48
GC'9    -38.37  -46.05    1.82
GC'10   -41.82  -45.60    2.17
GC'11   -45.27  -45.14    2.52
GC'12   -48.73  -44.69    2.86
GC'13   -52.18  -44.24    3.21
GC'14   -55.63  -43.79    3.56
OT1      13.02  -60.85  -25.20
OT2      16.50  -61.24  -25.19
OT3      19.98  -61.64  -25.18
OT4      23.46  -62.03  -25.16
OT5      26.93  -62.42  -25.15
OT6      30.41  -62.81  -25.14
OT7      33.89  -63.21  -25.13
OT8      37.37  -63.60  -25.12
OT9      40.85  -63.99  -25.10
OT10     44.32  -64.38  -25.09
OT11     47.80  -64.77  -25.08
OT12     51.28  -65.17  -25.07
PFG1      5.30  -53.68   15.00
PFG2      8.77  -54.07   14.74
PFG3     12.24  -54.46   14.47
PFG4     15.71  -54.86   14.21
PFG5     19.17  -55.25   13.94
PFG6     22.64  -55.64   13.68
PFG7     26.11  -56.03   13.41
PFG8     29.58  -56.42   13.15
PFG9     33.05  -56.81   12.88
PFG10    36.51  -57.21   12.62
PFG11    39.98  -57.60   12.36
PFG12    43.45  -57.99   12.09
PFG13    46.92  -58.38   11.83
