A'1     -15.88   11.76  -13.57
A'2     -19.36   11.33  -13.55
A'3     -22.83   10.90  -13.53
A'4     -26.30   10.47  -13.50
A'5     -29.78   10.04  -13.48
A'6     -33.25    9.62  -13.46
A'7     -36.73    9.19  -13.43
A'8     -40.20    8.76  -13.41
A'9     -43.67    8.33  -13.39
A'10    -47.15    7.90  -13.36
A'11    -50.62    7.47  -13.34
A'12    -54.09    7.04  -13.32
A'13    -57.57    6.61  -13.29
A'14    -61.04    6.19  -13.27
A'15    -64.51    5.76  -13.25
B'1     -27.01   -2.56  -16.62
B'2     -30.47   -3.11  -16.70
B'3     -33.92   -3.65  -16.78
B'4     -37.38   -4.20  -16.86
B'5     -40.84   -4.75  -16.93
B'6     -44.29   -5.29  -17.01
B'7     -47.75   -5.84  -17.09
B'8     -51.20   -6.39  -17.17
B'9     -54.66   -6.93  -17.24
B'10    -58.12   -7.48  -17.32
B'11    -61.57   -8.03  -17.40
B'12    -65.03   -8.57  -17.48
B'13    -68.48   -9.12  -17.55
B'14    -71.94   -9.67  -17.63
B'15    -75.40  -10.21  -17.71
GC'1     -0.40  -30.01   13.06
GC'2     -3.87  -30.45   12.98
GC'3     -7.34  -30.89   12.89
GC'4    -10.81  -31.33   12.81
GC'5    -14.28  -31.77   12.72
GC'6    -17.75  -32.21   12.64
GC'7    -21.22  -32.66   12.55
GC'8    -24.69  -33.10   12.46
GC'9    -28.16  -33.54   12.38
GC'10   -31.63  -33.98   12.29
GC'11   -35.11  -34.42   12.21
GC'12   -38.58  -34.86   12.12
GC'13   -42.05  -35.30   12.04
GC'14   -45.52  -35.74   11.95
GC'15   -48.99  -36.18   11.87
GPH'1   -21.96  -16.95  -17.49
GPH'2   -25.44  -17.27  -17.50
GPH'3   -28.93  -17.59  -17.51
GPH'4   -32.41  -17.91  -17.52
GPH'5   -35.90  -18.23  -17.54
GPH'6   -39.38  -18.55  -17.55
GPH'7   -42.87  -18.87  -17.56
GPH'8   -46.35  -19.20  -17.57
GPH'9   -49.84  -19.52  -17.58
GPH'10  -53.32  -19.84  -17.59
GPH'11  -56.81  -20.16  -17.61
GPH'12  -60.29  -20.48  -17.62
GPH'13  -63.78  -20.80  -17.63
GPH'14  -67.26  -21.13  -17.64
GPH'15  -70.75  -21.45  -17.65
H'1      -6.21  -10.61    1.95
H'2      -9.66  -11.14    1.86
H'3     -13.12  -11.68    1.77
H'4     -16.58  -12.22    1.69
H'5     -20.04  -12.76    1.60
H'6     -23.49  -13.30    1.51
H'7     -26.95  -13.83    1.42
H'8     -30.41  -14.37    1.34
H'9     -33.87  -14.91    1.25
H'10    -37.32  -15.45    1.16
H'11    -40.78  -15.99    1.08
H'12    -44.24  -16.52    0.99
H'13    -47.69  -17.06    0.90
H'14    -51.15  -17.60    0.82
H'15    -54.61  -18.14    0.73
I'1     -33.78    9.09   -1.78
I'2     -33.74    9.53    1.69
I'3     -33.71    9.97    5.16
I'4     -33.67   10.42    8.63
I'5     -33.64   10.86   12.10
I'6     -33.60   11.30   15.57
I'7     -33.57   11.75   19.05
I'8     -33.53   12.19   22.52
I'9     -33.50   12.63   25.99
I'10    -33.46   13.08   29.46
I'11    -33.43   13.52   32.93
I'12    -33.39   13.96   36.40
I'13    -33.36   14.41   39.87
I'14    -33.32   14.85   43.35
I'15    -33.29   15.29   46.82
OF'1    -13.49   17.01   19.88
OF'2    -16.96   16.60   19.72
OF'3    -20.43   16.20   19.56
OF'4    -23.91   15.79   19.40
OF'5    -27.38   15.39   19.24
OF'6    -30.85   14.99   19.08
OF'7    -34.33   14.58   18.91
OF'8    -37.80   14.18   18.75
OF'9    -41.27   13.77   18.59
OF'10   -44.74   13.37   18.43
OF'11   -48.22   12.97   18.27
OF'12   -51.69   12.56   18.11
OF'13   -55.16   12.16   17.95
OF'14   -58.64   11.75   17.79
OF'15   -62.11   11.35   17.63
OR1      12.83   49.04   -5.62
OR2      13.68   49.87   -2.33
OR3      14.52   50.69    0.97
OR4      15.36   51.52    4.26
OR5      16.20   52.34    7.56
OR6      17.04   53.17   10.86
OR7      17.88   54.00   14.15
OR8      18.72   54.82   17.45
OR9      19.57   55.65   20.74
OR10     20.41   56.48   24.04
OR11     21.25   57.30   27.33
OR12     22.09   58.13   30.63
OR13     22.93   58.95   33.92
OR14     23.77   59.78   37.22
OR15     24.62   60.61   40.51
OR'1    -10.72   48.12   -5.38
OR'2    -12.10   48.30   -2.17
OR'3    -13.49   48.48    1.04
OR'4    -14.88   48.66    4.24
OR'5    -16.27   48.85    7.45
OR'6    -17.65   49.03   10.66
OR'7    -19.04   49.21   13.87
OR'8    -20.43   49.39   17.08
OR'9    -21.82   49.57   20.28
OR'10   -23.21   49.76   23.49
OR'11   -24.59   49.94   26.70
OR'12   -25.98   50.12   29.91
OR'13   -27.37   50.30   33.12
OR'14   -28.76   50.48   36.32
OR'15   -30.14   50.66   39.53
TB1      32.56   11.24  -19.36
TB2      36.01   11.85  -19.34
TB3      39.46   12.47  -19.32
TB4      42.90   13.09  -19.30
TB5      46.35   13.71  -19.28
TB6      49.79   14.32  -19.26
TB7      53.24   14.94  -19.24
TB8      56.68   15.56  -19.22
TB9      60.13   16.17  -19.20
TB10     63.57   16.79  -19.19
TB'1    -25.05   14.20  -25.40
TB'2    -28.48   13.48  -25.32
TB'3    -31.90   12.77  -25.24
TB'4    -35.33   12.06  -25.16
TB'5    -38.76   11.35  -25.08
TB'6    -42.18   10.63  -25.00
TB'7    -45.61    9.92  -24.92
TB'8    -49.03    9.21  -24.84
TB'9    -52.46    8.50  -24.76
TB'10   -55.89    7.78  -24.68
TP'1    -22.22   24.59  -20.29
TP'2    -25.69   24.20  -20.52
TP'3    -29.16   23.81  -20.75
TP'4    -32.63   23.41  -20.97
TP'5    -36.10   23.02  -21.20
TP'6    -39.57   22.62  -21.43
TP'7    -43.04   22.23  -21.66
TP'8    -46.51   21.83  -21.89
TP'9    -49.98   21.44  -22.12
TP'10   -53.45   21.04  -22.34
